%YAML:1.0
calibration_time: "Ср 28 дек 2016 22:50:09"
nframes: 10
image_width: 640
image_height: 480
board_width: 7
board_height: 7
square_size: 1.2000000476837158e+00
aspectRatio: 1.
flags: 2
camera_matrix: !!opencv-matrix
   rows: 3
   cols: 3
   dt: d
   data: [ 5.6853217115442658e+02, 0., 3.8040126030528643e+02, 0.,
       5.6853217115442658e+02, 2.1907790282295477e+02, 0., 0., 1. ]
distortion_coefficients: !!opencv-matrix
   rows: 5
   cols: 1
   dt: d
   data: [ -4.1051072467888458e-02, 1.2844908595218846e-01,
       -1.4029249290823234e-02, -1.0570161007621641e-03,
       -4.1793367166146067e-02 ]
avg_reprojection_error: 1.8146650524340342e+00
per_view_reprojection_errors: !!opencv-matrix
   rows: 10
   cols: 1
   dt: f
   data: [ 5.05921364e-01, 5.08162796e-01, 4.84843850e-01,
       2.02400103e-01, 2.90636718e-01, 3.68930280e-01, 6.09480143e-01,
       4.12227690e-01, 3.62838149e+00, 4.26763821e+00 ]
extrinsic_parameters: !!opencv-matrix
   rows: 10
   cols: 6
   dt: d
   data: [ -7.6341792935836636e-02, -7.7048068561960434e-02,
       1.0463797369476768e+00, -1.4734352381478114e+01,
       -9.3834523615166852e+00, 3.4911522587463558e+01,
       -7.3882604590841242e-02, -7.6122396788157715e-02,
       1.0366588369866880e+00, -1.4794670048514430e+01,
       -9.4940924003997758e+00, 3.4906099090280094e+01,
       1.2850885692852604e-01, -1.7409655283038530e-01,
       9.0469950900828133e-01, -9.4348729807982021e+00,
       -1.0625144872891733e+01, 3.3519133292479381e+01,
       7.2806259503737675e-02, -1.3708324874227309e-01,
       8.3224601399849085e-01, 1.8648126356575891e+00,
       -6.7435247473752131e+00, 3.0359703333679683e+01,
       3.1958019274226840e-02, 3.0999596935857417e-02,
       7.4761103145996188e-01, -1.7898769944020274e+00,
       -1.3114362554762278e+00, 2.2094434191410656e+01,
       9.9119618156201253e-02, -7.9627518663089356e-02,
       1.2214652508586146e+00, -2.0429090859191366e+00,
       -3.8365122840267989e+00, 2.8020262157643906e+01,
       3.5238377798168713e-01, -6.8951033537664588e-02,
       1.0015104346521733e+00, -9.9566639127998879e+00,
       -6.7679261506754571e+00, 4.4098843799362541e+01,
       5.6857491573891572e-01, 2.7581123729783114e-01,
       9.4300364816959459e-01, 5.1968682022671686e+00,
       -9.2285645038482080e+00, 3.8105780487107815e+01,
       7.3627249336153089e-01, 3.9946091445907872e-01,
       8.3778609506886470e-01, 1.1301688446422729e+01,
       -1.2772942070524939e+01, 4.4893034254492349e+01,
       5.1842295640967806e-01, -2.7332283533446250e-01,
       4.6715779100499549e-01, -7.6506303670361833e+00,
       -1.7285790066355943e+01, 5.0505185135309354e+01 ]
image_points: !!opencv-matrix
   rows: 10
   cols: 49
   dt: "2f"
   data: [ 1.40417313e+02, 6.29798279e+01, 1.48855682e+02,
       8.16697464e+01, 1.59778229e+02, 9.83024216e+01, 1.69525650e+02,
       1.15843994e+02, 1.79837112e+02, 1.33015915e+02, 1.89692352e+02,
       1.50254913e+02, 1.99784729e+02, 1.67252335e+02, 1.20267906e+02,
       7.36678696e+01, 1.31972717e+02, 8.97151718e+01, 1.41683365e+02,
       1.07865814e+02, 1.52106033e+02, 1.24813431e+02, 1.62215698e+02,
       1.42480698e+02, 1.72127609e+02, 1.59418106e+02, 1.82404510e+02,
       1.76811401e+02, 1.03844139e+02, 8.14100723e+01, 1.13063255e+02,
       9.96509781e+01, 1.24394722e+02, 1.16503258e+02, 1.34415482e+02,
       1.34323303e+02, 1.44904541e+02, 1.51841125e+02, 1.54712189e+02,
       1.69020767e+02, 1.64837921e+02, 1.85998825e+02, 8.44730301e+01,
       9.16464996e+01, 9.60297623e+01, 1.08371483e+02, 1.05893311e+02,
       1.26138237e+02, 1.16678040e+02, 1.43738220e+02, 1.27087585e+02,
       1.61192520e+02, 1.37562317e+02, 1.78522171e+02, 1.47554718e+02,
       1.95486084e+02, 6.75021133e+01, 9.94677811e+01, 7.71051254e+01,
       1.18076828e+02, 8.83910980e+01, 1.35413742e+02, 9.88011780e+01,
       1.53055008e+02, 1.09644554e+02, 1.70501678e+02, 1.19660439e+02,
       1.88123291e+02, 1.29983704e+02, 2.05219040e+02, 4.75043869e+01,
       1.09894798e+02, 5.94320908e+01, 1.27065117e+02, 6.95739365e+01,
       1.45118561e+02, 8.06024780e+01, 1.62613373e+02, 9.09155731e+01,
       1.80416733e+02, 1.02076881e+02, 1.97596191e+02, 1.12167435e+02,
       2.14549637e+02, 2.98341389e+01, 1.18483192e+02, 4.02325249e+01,
       1.36980087e+02, 5.14029427e+01, 1.54296356e+02, 6.22470779e+01,
       1.72139206e+02, 7.31999588e+01, 1.89759781e+02, 8.34796524e+01,
       2.07452698e+02, 9.44144669e+01, 2.24772263e+02, 1.39101822e+02,
       6.10343781e+01, 1.48100052e+02, 7.97533875e+01, 1.59151505e+02,
       9.61590576e+01, 1.68902390e+02, 1.13572144e+02, 1.79472977e+02,
       1.30783722e+02, 1.89399002e+02, 1.48129013e+02, 1.99724411e+02,
       1.64782120e+02, 1.19488739e+02, 7.18669357e+01, 1.31094650e+02,
       8.78715515e+01, 1.41081360e+02, 1.06086960e+02, 1.51764221e+02,
       1.22797165e+02, 1.61952911e+02, 1.40584320e+02, 1.72187073e+02,
       1.57356308e+02, 1.82597229e+02, 1.74526672e+02, 1.03185928e+02,
       7.98306885e+01, 1.12191322e+02, 9.79833755e+01, 1.23975189e+02,
       1.15019485e+02, 1.33920502e+02, 1.32741669e+02, 1.44824036e+02,
       1.49780212e+02, 1.54885696e+02, 1.67148178e+02, 1.65251617e+02,
       1.84001617e+02, 8.36915283e+01, 9.01859970e+01, 9.55857697e+01,
       1.06890137e+02, 1.05397018e+02, 1.24812996e+02, 1.16601479e+02,
       1.42117538e+02, 1.26966164e+02, 1.59764633e+02, 1.37900085e+02,
       1.76476532e+02, 1.47811188e+02, 1.93765915e+02, 6.70263977e+01,
       9.85570450e+01, 7.66359482e+01, 1.16961891e+02, 8.81700897e+01,
       1.33908081e+02, 9.85829391e+01, 1.51733582e+02, 1.09763039e+02,
       1.68882431e+02, 1.19893372e+02, 1.86478638e+02, 1.30420013e+02,
       2.03524490e+02, 4.70160637e+01, 1.08845284e+02, 5.92011223e+01,
       1.25823486e+02, 6.92716141e+01, 1.44008575e+02, 8.07490768e+01,
       1.61271011e+02, 9.12723083e+01, 1.79076218e+02, 1.02472473e+02,
       1.96137558e+02, 1.12695076e+02, 2.12904114e+02, 2.95095139e+01,
       1.17683380e+02, 4.01043892e+01, 1.36101059e+02, 5.15487442e+01,
       1.53472565e+02, 6.23051605e+01, 1.71097046e+02, 7.34034958e+01,
       1.88458710e+02, 8.40726547e+01, 2.06087128e+02, 9.50582504e+01,
       2.23242798e+02, 2.19586945e+02, 3.65560226e+01, 2.32627182e+02,
       5.44275703e+01, 2.46282623e+02, 7.05591049e+01, 2.59300140e+02,
       8.76540833e+01, 2.72493927e+02, 1.03632492e+02, 2.85323303e+02,
       1.20176064e+02, 2.98125946e+02, 1.35902756e+02, 2.03065994e+02,
       5.03279152e+01, 2.17192810e+02, 6.62476730e+01, 2.30198608e+02,
       8.35972900e+01, 2.43814056e+02, 9.94074249e+01, 2.56825104e+02,
       1.16288826e+02, 2.69735992e+02, 1.31909164e+02, 2.82872009e+02,
       1.48075226e+02, 1.87541931e+02, 6.19466820e+01, 2.00848389e+02,
       7.93023911e+01, 2.15207703e+02, 9.51404190e+01, 2.28167892e+02,
       1.12169617e+02, 2.41628906e+02, 1.28313278e+02, 2.54633026e+02,
       1.44482025e+02, 2.67326843e+02, 1.59954590e+02, 1.71433258e+02,
       7.54188156e+01, 1.85716522e+02, 9.12670898e+01, 1.99111191e+02,
       1.08160942e+02, 2.13012939e+02, 1.24395561e+02, 2.26112930e+02,
       1.40741959e+02, 2.39566315e+02, 1.56135773e+02, 2.52544922e+02,
       1.72094879e+02, 1.56918457e+02, 8.67636719e+01, 1.69821564e+02,
       1.04234840e+02, 1.84181549e+02, 1.20034302e+02, 1.97464066e+02,
       1.36784958e+02, 2.11129776e+02, 1.52214966e+02, 2.24161041e+02,
       1.68652664e+02, 2.37016846e+02, 1.83751343e+02, 1.40381165e+02,
       9.99600143e+01, 1.54970764e+02, 1.15885368e+02, 1.68176865e+02,
       1.32958649e+02, 1.82304642e+02, 1.48461502e+02, 1.95596390e+02,
       1.64872437e+02, 2.09323944e+02, 1.80075333e+02, 2.22340775e+02,
       1.95761673e+02, 1.25649063e+02, 1.11615746e+02, 1.39214752e+02,
       1.28612030e+02, 1.53543472e+02, 1.44509827e+02, 1.66892685e+02,
       1.60737335e+02, 1.80671738e+02, 1.76338409e+02, 1.93616302e+02,
       1.92735199e+02, 2.07084396e+02, 2.07942474e+02, 4.15584442e+02,
