%YAML:1.0
calibration_time: "Вс 10 июл 2016 21:35:27"
nframes: 10
image_width: 640
image_height: 480
board_width: 7
board_height: 7
square_size: 1.2500000000000000e+00
aspectRatio: 1.
flags: 2
camera_matrix: !!opencv-matrix
   rows: 3
   cols: 3
   dt: d
   data: [ 7.1199179249130691e+02, 0., 3.0046012042591775e+02, 0.,
       7.1199179249130691e+02, 2.2536199070070072e+02, 0., 0., 1. ]
distortion_coefficients: !!opencv-matrix
   rows: 5
   cols: 1
   dt: d
   data: [ 1.5408576377382972e-02, -4.1701823106588337e-01,
       -1.1369584651845699e-02, -1.0408047653142816e-02,
       1.0301194414577945e-01 ]
avg_reprojection_error: 3.6832850299583209e-01
per_view_reprojection_errors: !!opencv-matrix
   rows: 10
   cols: 1
   dt: f
   data: [ 4.11772549e-01, 3.67232740e-01, 3.26555431e-01,
       3.31254333e-01, 2.88166702e-01, 4.40795332e-01, 4.12884265e-01,
       3.57302517e-01, 3.42587471e-01, 3.78192008e-01 ]
extrinsic_parameters: !!opencv-matrix
   rows: 10
   cols: 6
   dt: d
   data: [ 2.3492049083953803e-01, -4.3250691997061685e-01,
       1.1049642878391248e+00, 3.1021755491844396e+00,
       -5.4551783042705724e+00, 1.8097575110448499e+01,
       3.0901546793738482e-01, -3.1325067139845170e-01,
       1.2611927542342845e+00, 5.1601400905325114e+00,
       -4.6899774440337589e+00, 1.7324734963509027e+01,
       -2.1583157057930402e-01, -5.1247928497143380e-01,
       1.0313251198344129e+00, 3.5686862897189462e+00,
       -3.8162330690453174e+00, 1.9774239071117247e+01,
       -2.2154081780013368e-01, -4.2564059940334764e-01,
       1.2884570664182022e+00, 6.0508340750787681e+00,
       -5.2803859112678282e+00, 2.0017982390962580e+01,
       -1.7766949073011254e-01, -2.7162762205005631e-01,
       1.4197442733261012e+00, 4.8435893885822656e+00,
       -4.4711659775230501e+00, 2.0900176469717955e+01,
       -2.0015192206134166e-01, -4.0454825385386917e-01,
       1.2220662120345041e+00, 2.8060239460086782e+00,
       -4.2092336630898215e+00, 2.1071469740253441e+01,
       -2.7358044437729317e-01, -5.9989199931474313e-01,
       9.9583747252523824e-01, 2.7656877537995284e+00,
       -5.0925642040261208e+00, 2.0531415604087716e+01,
       -2.8120159607910872e-01, -4.3199024158258470e-01,
       9.6535227893234532e-01, -2.3395629002935774e+00,
       -6.7086513956623621e+00, 2.2932969122292672e+01,
       -2.8153948318229499e-01, -4.8426468279381535e-01,
       9.7696479169114547e-01, -6.6945729057506820e-01,
       -5.5265687228970162e+00, 2.1858583472171791e+01,
       -1.4352710794841114e-01, -4.2628615175909579e-01,
       1.1695285245145215e+00, 5.1455111480792164e+00,
       -4.0222107931812170e+00, 1.9688385971746779e+01 ]
image_points: !!opencv-matrix
   rows: 10
   cols: 49
   dt: "2f"
   data: [ 4.20816650e+02, 9.27164745e+00, 4.35652710e+02,
       5.45933876e+01, 4.49490051e+02, 9.78416748e+01, 4.62165588e+02,
       1.37601486e+02, 4.73925507e+02, 1.75563049e+02, 4.84852753e+02,
       2.11557251e+02, 4.95276794e+02, 2.45516022e+02, 3.77775513e+02,
       3.02517681e+01, 3.93600555e+02, 7.53629608e+01, 4.08606720e+02,
       1.17971680e+02, 4.22533539e+02, 1.57490738e+02, 4.35500580e+02,
       1.94830887e+02, 4.47696503e+02, 2.30349136e+02, 4.59122803e+02,
       2.63612030e+02, 3.33601501e+02, 5.13875809e+01, 3.51010376e+02,
       9.61140366e+01, 3.67485016e+02, 1.38393799e+02, 3.82445160e+02,
       1.77479202e+02, 3.96568787e+02, 2.14103668e+02, 4.09711273e+02,
       2.49082260e+02, 4.22114563e+02, 2.81683899e+02, 2.89303375e+02,
       7.27614899e+01, 3.08211884e+02, 1.17025024e+02, 3.25749237e+02,
       1.58522522e+02, 3.42302063e+02, 1.97245178e+02, 3.57314148e+02,
       2.33281204e+02, 3.71737030e+02, 2.67626495e+02, 3.85250854e+02,
       2.99969543e+02, 2.44596405e+02, 9.44255829e+01, 2.64695709e+02,
       1.37878067e+02, 2.83763733e+02, 1.79145584e+02, 3.01415833e+02,
       2.17185562e+02, 3.17754242e+02, 2.52599411e+02, 3.33426147e+02,
       2.86589661e+02, 3.47707733e+02, 3.18065979e+02, 1.99544022e+02,
       1.15747040e+02, 2.21135620e+02, 1.58828217e+02, 2.41556808e+02,
       1.99363297e+02, 2.60375092e+02, 2.36900314e+02, 2.77886780e+02,
       2.71813507e+02, 2.94559021e+02, 3.05050629e+02, 3.10139862e+02,
       3.36126007e+02, 1.54418320e+02, 1.37280914e+02, 1.77440430e+02,
       1.79609207e+02, 1.99260117e+02, 2.19473785e+02, 2.19502701e+02,
       2.56545288e+02, 2.38298401e+02, 2.90551422e+02, 2.55963974e+02,
       3.23571899e+02, 2.72355927e+02, 3.54343506e+02, 5.10226776e+02,
       3.34927864e+01, 5.17879089e+02, 8.18112946e+01, 5.25141663e+02,
       1.28309494e+02, 5.31770081e+02, 1.71462952e+02, 5.38042908e+02,
       2.12624435e+02, 5.43780701e+02, 2.51910812e+02, 5.49293457e+02,
       2.89456451e+02, 4.61604492e+02, 4.75371361e+01, 4.70508087e+02,
       9.57975235e+01, 4.79000946e+02, 1.41889496e+02, 4.86869934e+02,
       1.84757645e+02, 4.94403900e+02, 2.25610321e+02, 5.01544617e+02,
       2.64550415e+02, 5.08281494e+02, 3.01477234e+02, 4.12475128e+02,
       6.16527100e+01, 4.22819489e+02, 1.09826836e+02, 4.32535370e+02,
       1.55485138e+02, 4.41748291e+02, 1.98306885e+02, 4.50486877e+02,
       2.38431625e+02, 4.58758392e+02, 2.77055939e+02, 4.66510803e+02,
       3.13681000e+02, 3.63572479e+02, 7.60594788e+01, 3.75465729e+02,
       1.23958153e+02, 3.86459412e+02, 1.68998138e+02, 3.96952759e+02,
       2.11390228e+02, 4.06658203e+02, 2.51069000e+02, 4.16057770e+02,
       2.89366730e+02, 4.25045105e+02, 3.25615631e+02, 3.15067505e+02,
       9.05876236e+01, 3.27746033e+02, 1.37670593e+02, 3.40258942e+02,
       1.82617065e+02, 3.51942749e+02, 2.24417145e+02, 3.62933990e+02,
       2.63804962e+02, 3.73469574e+02, 3.01845734e+02, 3.83487366e+02,
       3.37292664e+02, 2.66393585e+02, 1.04485428e+02, 2.80707092e+02,
       1.51492188e+02, 2.94508698e+02, 1.95734207e+02, 3.07180328e+02,
       2.37281982e+02, 3.19329773e+02, 2.76229736e+02, 3.30904816e+02,
       3.13680786e+02, 3.41731964e+02, 3.49120850e+02, 2.18303040e+02,
       1.18616966e+02, 2.33877518e+02, 1.64740173e+02, 2.48932190e+02,
       2.08828934e+02, 2.62988922e+02, 2.49798248e+02, 2.76300659e+02,
       2.88202606e+02, 2.88757080e+02, 3.25641541e+02, 3.00536591e+02,
       3.60759247e+02, 4.28106171e+02, 8.69424210e+01, 4.43588837e+02,
       1.27850761e+02, 4.58920502e+02, 1.67541122e+02, 4.72672272e+02,
       2.04685822e+02, 4.86162811e+02, 2.40756790e+02, 4.98869690e+02,
       2.75536774e+02, 5.11201599e+02, 3.09281311e+02, 3.96772614e+02,
       1.06937523e+02, 4.13510193e+02, 1.48604584e+02, 4.29411804e+02,
       1.88564468e+02, 4.44504456e+02, 2.26489166e+02, 4.58852356e+02,
       2.62710358e+02, 4.72628418e+02, 2.97914978e+02, 4.85695648e+02,
       3.31548035e+02, 3.63201447e+02, 1.28080978e+02, 3.81218323e+02,
       1.70308441e+02, 3.98357941e+02, 2.10802231e+02, 4.14420990e+02,
       2.49336075e+02, 4.29801453e+02, 2.85783386e+02, 4.44492157e+02,
       3.21449768e+02, 4.58511475e+02, 3.55466522e+02, 3.27854584e+02,
       1.50350632e+02, 3.47235840e+02, 1.93161560e+02, 3.65483917e+02,
       2.34183182e+02, 3.82834839e+02, 2.73021545e+02, 3.99077576e+02,
       3.10037201e+02, 4.14853485e+02, 3.46028290e+02, 4.29716644e+02,
       3.80326202e+02, 2.90695496e+02, 1.73690353e+02, 3.11181671e+02,
       2.17068130e+02, 3.30785126e+02, 2.58717560e+02, 3.49385956e+02,
       2.98188477e+02, 3.66764954e+02, 3.35570374e+02, 3.83563293e+02,
       3.72080109e+02, 3.99444336e+02, 4.06376526e+02, 2.50867798e+02,
       1.98236832e+02, 2.72908386e+02, 2.42525375e+02, 2.93956299e+02,
       2.84573883e+02, 3.13629333e+02, 3.24550140e+02, 3.32229858e+02,
       3.62234924e+02, 3.50193542e+02, 3.98884003e+02, 3.67114563e+02,
       4.33713013e+02, 2.08673676e+02, 2.24191895e+02, 2.32453354e+02,
       2.68880219e+02, 2.55020447e+02, 3.11594452e+02, 2.76309418e+02,
       3.52138397e+02, 2.96089661e+02, 3.90029022e+02, 3.15239014e+02,
       4.27195465e+02, 3.33292786e+02, 4.62309631e+02, 5.12985657e+02,
