%YAML:1.0
calibration_time: "Ср 28 дек 2016 23:10:33"
nframes: 10
image_width: 640
image_height: 480
board_width: 7
board_height: 7
square_size: 1.2000000476837158e+00
aspectRatio: 1.
flags: 2
camera_matrix: !!opencv-matrix
   rows: 3
   cols: 3
   dt: d
   data: [ 7.0830028288501569e+02, 0., 3.1389699341692142e+02, 0.,
       7.0830028288501569e+02, 1.9932332683735265e+02, 0., 0., 1. ]
distortion_coefficients: !!opencv-matrix
   rows: 5
   cols: 1
   dt: d
   data: [ 8.1700855129114777e-02, -1.5915195146480765e+00,
       -1.6017185960169981e-02, 4.7496253503106793e-03,
       4.0697633177157151e+00 ]
avg_reprojection_error: 1.6239613741764256e+00
per_view_reprojection_errors: !!opencv-matrix
   rows: 10
   cols: 1
   dt: f
   data: [ 1.52683869e-01, 1.81632489e-01, 2.93316454e-01,
       1.95201650e-01, 1.28028631e+00, 2.33403385e-01, 4.24478102e+00,
       2.52601504e+00, 2.31941462e-01, 2.13871598e-01 ]
extrinsic_parameters: !!opencv-matrix
   rows: 10
   cols: 6
   dt: d
   data: [ 2.8873599071068817e-01, -7.4649713013994340e-02,
       1.4715174070465480e+00, -6.2170477793244441e+00,
       -5.6577441028862019e+00, 5.2955330577866853e+01,
       1.8749804878846552e-01, -2.6412350713548090e-02,
       1.5178092143584825e+00, -1.0329049019454873e+01,
       -5.9705207703094034e+00, 5.0431749065757948e+01,
       3.0845223549293360e-01, -1.4641076605054529e-01,
       1.4513045840801377e+00, -3.1849994165035942e+00,
       -3.9140695478153926e+00, 3.1117664404958681e+01,
       7.9948727630493710e-02, -2.5083183722855362e-01,
       1.4645470011956281e+00, 8.6267366495429822e+00,
       -5.8161019301978145e+00, 3.1484027281769507e+01,
       1.8637126303905918e-01, -5.3318602575536467e-01,
       1.1741030543732358e+00, 8.0904806739527722e+00,
       -4.0131564209116100e+00, 4.9451590042888022e+01,
       1.7871551024897689e-01, -4.2347972022731806e-01,
       1.2859197095099044e+00, 9.8456795252067586e+00,
       4.4469235429906613e+00, 3.1632986785658613e+01,
       -4.5483034305721992e-01, 5.0303896895229316e-01,
       1.2832183789040774e+00, -1.0718945090769862e+01,
       -1.3950191799438776e+00, 6.2354022133361845e+01,
       2.2370248425607281e-01, -5.5575249397636521e-02,
       1.1222931642573941e+00, -1.5104604215263317e+01,
       3.4727861698500340e-01, 5.6648704127612270e+01,
       1.0735976615311464e-01, -2.4143204282041783e-01,
       1.3012013547078733e+00, -7.9386500399885600e+00,
       1.0168168645448921e+00, 3.5046588496110509e+01,
       2.1625063333170358e-01, 1.4755795691021831e-01,
       8.3301208028968066e-02, -7.3430472536740137e+00,
       -3.5490917347131044e+00, 3.2906371165139397e+01 ]
image_points: !!opencv-matrix
   rows: 10
   cols: 49
   dt: "2f"
   data: [ 2.30625534e+02, 1.23046143e+02, 2.32693283e+02,
       1.39141083e+02, 2.34728836e+02, 1.54985062e+02, 2.36861023e+02,
       1.70401337e+02, 2.38788300e+02, 1.85692810e+02, 2.41100128e+02,
       2.01362549e+02, 2.42944519e+02, 2.16432449e+02, 2.15130859e+02,
       1.24518456e+02, 2.17225296e+02, 1.40399918e+02, 2.19549347e+02,
       1.56221451e+02, 2.21588943e+02, 1.71468002e+02, 2.23895187e+02,
       1.86929291e+02, 2.25860168e+02, 2.02332977e+02, 2.27831940e+02,
       2.17449371e+02, 1.99515747e+02, 1.25924980e+02, 2.02022705e+02,
       1.41582397e+02, 2.04068558e+02, 1.57490891e+02, 2.06472763e+02,
       1.72836136e+02, 2.08729965e+02, 1.88113022e+02, 2.10932907e+02,
       2.03441818e+02, 2.12950333e+02, 2.18355347e+02, 1.84288239e+02,
       1.27225967e+02, 1.86596237e+02, 1.42978333e+02, 1.89043625e+02,
       1.58576370e+02, 1.91377396e+02, 1.73913727e+02, 1.93573837e+02,
       1.89072098e+02, 1.95982498e+02, 2.04385208e+02, 1.98195312e+02,
       2.19295685e+02, 1.69169998e+02, 1.28574860e+02, 1.71718048e+02,
       1.44342545e+02, 1.74128876e+02, 1.59870239e+02, 1.76436325e+02,
       1.75126953e+02, 1.78675049e+02, 1.90171921e+02, 1.81132492e+02,
       2.05400955e+02, 1.83430038e+02, 2.20276184e+02, 1.54112366e+02,
       1.29768387e+02, 1.56539810e+02, 1.45385132e+02, 1.59075455e+02,
       1.61159164e+02, 1.61588272e+02, 1.76195023e+02, 1.64094589e+02,
       1.91340469e+02, 1.66482178e+02, 2.05991898e+02, 1.68840332e+02,
       2.21136963e+02, 1.39469879e+02, 1.31025452e+02, 1.42082291e+02,
       1.46746765e+02, 1.44591812e+02, 1.61957275e+02, 1.46955963e+02,
       1.77390549e+02, 1.49405106e+02, 1.92121750e+02, 1.52050476e+02,
       2.07434082e+02, 1.54400070e+02, 2.22040085e+02, 1.69079285e+02,
       1.14511597e+02, 1.70462784e+02, 1.31496613e+02, 1.71498398e+02,
       1.48637375e+02, 1.72971893e+02, 1.65289932e+02, 1.74402115e+02,
       1.81697449e+02, 1.75739227e+02, 1.98560547e+02, 1.77324966e+02,
       2.14917358e+02, 1.52632156e+02, 1.15550682e+02, 1.54183823e+02,
       1.32331390e+02, 1.55563324e+02, 1.49372971e+02, 1.56975082e+02,
       1.65969864e+02, 1.58598099e+02, 1.82534088e+02, 1.59836243e+02,
       1.99108475e+02, 1.61424469e+02, 2.15523422e+02, 1.36403900e+02,
       1.16331116e+02, 1.38008484e+02, 1.33418381e+02, 1.39465866e+02,
       1.50258438e+02, 1.40955597e+02, 1.66621292e+02, 1.42517029e+02,
       1.83209579e+02, 1.44159378e+02, 1.99550537e+02, 1.45557007e+02,
       2.15551239e+02, 1.20555008e+02, 1.17340630e+02, 1.22200935e+02,
       1.33966003e+02, 1.23633003e+02, 1.50735901e+02, 1.25201271e+02,
       1.67299820e+02, 1.26879372e+02, 1.83725327e+02, 1.28562347e+02,
       2.00074844e+02, 1.30251541e+02, 2.16380722e+02, 1.04744934e+02,
       1.18159027e+02, 1.06511337e+02, 1.35076431e+02, 1.08027313e+02,
       1.51658188e+02, 1.09690392e+02, 1.68207367e+02, 1.11311874e+02,
       1.84206772e+02, 1.13225647e+02, 2.00676636e+02, 1.14548996e+02,
       2.16628876e+02, 8.93711548e+01, 1.19012581e+02, 9.07024384e+01,
       1.35699722e+02, 9.25331879e+01, 1.52406754e+02, 9.42595062e+01,
       1.68657715e+02, 9.60210953e+01, 1.84903824e+02, 9.76937408e+01,
       2.01101669e+02, 9.96250076e+01, 2.17381638e+02, 7.42051239e+01,
       1.19995354e+02, 7.57242355e+01, 1.36669830e+02, 7.74120636e+01,
       1.52898209e+02, 7.93037033e+01, 1.69473740e+02, 8.07550278e+01,
       1.85423340e+02, 8.26786346e+01, 2.01628326e+02, 8.42223206e+01,
       2.17549896e+02, 2.40870880e+02, 1.10076538e+02, 2.45096085e+02,
       1.36584259e+02, 2.49116043e+02, 1.63053299e+02, 2.53125839e+02,
       1.88197174e+02, 2.56925079e+02, 2.13395203e+02, 2.60562714e+02,
       2.38061142e+02, 2.64306671e+02, 2.62046509e+02, 2.14533478e+02,
       1.12865517e+02, 2.18693527e+02, 1.39244080e+02, 2.23247681e+02,
       1.65300903e+02, 2.27584839e+02, 1.90423859e+02, 2.31600891e+02,
       2.15361542e+02, 2.35614990e+02, 2.39906265e+02, 2.39556335e+02,
       2.63913422e+02, 1.88156006e+02, 1.15483665e+02, 1.92876587e+02,
       1.41767426e+02, 1.97434479e+02, 1.67766220e+02, 2.02102722e+02,
       1.92644745e+02, 2.06484604e+02, 2.17470627e+02, 2.10716644e+02,
       2.42023361e+02, 2.14922043e+02, 2.65563843e+02, 1.62472137e+02,
       1.18006035e+02, 1.66969208e+02, 1.44110916e+02, 1.72321960e+02,
       1.69954208e+02, 1.76838425e+02, 1.94880814e+02, 1.81548599e+02,
       2.19462631e+02, 1.86072983e+02, 2.43738358e+02, 1.90502258e+02,
       2.67442444e+02, 1.36872330e+02, 1.20700737e+02, 1.41893188e+02,
       1.46602631e+02, 1.46972046e+02, 1.72231232e+02, 1.52103790e+02,
       1.97120773e+02, 1.56854431e+02, 2.21484879e+02, 1.61652451e+02,
       2.45652542e+02, 1.66279541e+02, 2.69393829e+02, 1.11589546e+02,
       1.23177048e+02, 1.16764931e+02, 1.49115921e+02, 1.22245796e+02,
       1.74588699e+02, 1.27378967e+02, 1.99244446e+02, 1.32493011e+02,
       2.23528549e+02, 1.37398712e+02, 2.47439377e+02, 1.42391434e+02,
       2.71135071e+02, 8.70272522e+01, 1.25598969e+02, 9.24603119e+01,
       1.51444611e+02, 9.79039078e+01, 1.76647598e+02, 1.03242950e+02,
       2.01368759e+02, 1.08420242e+02, 2.25384171e+02, 1.13684113e+02,
       2.49410904e+02, 1.18739326e+02, 2.72663666e+02, 5.09357361e+02,
